      0/99     7.39G   0.07169    0.0153    0.0163    0.1033        20       640  0.002299    0.1099 0.0006573 0.0001476    0.1231   0.01507   0.01855
      1/99     7.35G   0.06796   0.01284   0.01365   0.09445        16       640    0.6573   0.08986   0.08821   0.01666     0.112    0.0136   0.01624
      2/99     7.35G   0.06561   0.01114   0.01229   0.08903        14       640    0.1587    0.1538   0.08755   0.01767    0.1041   0.01275   0.01509
      3/99     7.35G   0.06057    0.0101   0.01161   0.08227        11       640    0.6622     0.125   0.09306   0.02022   0.09271   0.01215   0.01319
      4/99     7.35G   0.06206  0.009421    0.0108   0.08228        19       640    0.7019    0.1058   0.08179   0.02402   0.08824   0.01166   0.01278
      5/99     7.35G   0.05847  0.008353  0.009998   0.07683        13       640    0.8687    0.2019    0.2371   0.08695    0.1052  0.009867   0.01172
      6/99     7.35G    0.0561  0.007946  0.009005   0.07305        16       640    0.7748    0.2308    0.2115   0.06996    0.1012  0.009409   0.01074
      7/99     7.35G   0.05485  0.007294  0.008073   0.07022         8       640    0.8969    0.1538    0.2024   0.09551    0.0979  0.009317   0.01169
      8/99     7.35G   0.05565  0.007086  0.008865    0.0716        13       640    0.8175    0.1538      0.15    0.0618    0.1008  0.008562   0.01119
      9/99     7.35G    0.0571  0.006765  0.008628   0.07249        10       640    0.6891    0.1442   0.09021   0.02156   0.09649  0.009112   0.01065
     10/99     7.35G   0.05453  0.006744  0.007861   0.06913        14       640    0.6883    0.2115    0.1586   0.04479   0.08182  0.009919   0.01066
     11/99     7.35G   0.04769  0.006899   0.00622   0.06081        14       640    0.7922    0.2299    0.2588    0.1397   0.07919  0.009954   0.01009
     12/99     7.35G   0.04413  0.006714  0.006879   0.05773        14       640    0.6726    0.2788    0.1727   0.07425   0.07897   0.01054  0.009933
     13/99     7.35G   0.05136  0.006841  0.008061   0.06626        20       640     0.811    0.1923    0.1841   0.05874   0.08775  0.008956   0.01049
     14/99     7.35G   0.05087   0.00646  0.007237   0.06457        18       640    0.9284    0.2301    0.2704    0.1176   0.08414  0.009187  0.009875
     15/99     7.35G   0.04701  0.006236  0.007348   0.06059        16       640    0.7865    0.2788    0.2473    0.1332   0.08972  0.009186  0.009799
     16/99     7.35G   0.05615  0.006276  0.007903   0.07032        12       640     0.795    0.1827    0.1822   0.07605   0.09945  0.009156  0.009391
     17/99     7.35G   0.05435   0.00589  0.007599   0.06784        14       640    0.9247    0.2212    0.2664    0.1212   0.09223  0.008654  0.009209
     18/99     7.35G   0.04679  0.006346  0.006602   0.05974        16       640    0.7942    0.2212    0.2377   0.07702   0.08428  0.009371  0.009741
     19/99     7.35G   0.04188  0.006085  0.006283   0.05425        10       640    0.9472    0.3257    0.4032    0.2328   0.07116  0.009686  0.009373
     20/99     7.35G   0.04758   0.00577    0.0073   0.06065        21       640    0.8854    0.3269    0.3809    0.1993   0.07514  0.009848  0.009953
     21/99     7.35G   0.04543  0.006645  0.005648   0.05772        17       640    0.8283    0.3173    0.3696    0.1899   0.07306   0.01048  0.009813
     22/99     7.35G   0.04958  0.005411  0.006959   0.06195         9       640    0.9484    0.3365    0.4267    0.2118   0.08315  0.008839  0.009185
     23/99     7.35G   0.04876  0.005867  0.006121   0.06075        16       640    0.9149    0.3749    0.4743    0.2621   0.08868  0.008011  0.009611
     24/99     7.35G   0.03891  0.005449  0.005478   0.04984        14       640    0.9101     0.307    0.3994    0.1731   0.08841  0.008063  0.009442
     25/99     7.35G   0.04186  0.005679  0.005429   0.05297        16       640    0.8132    0.2115    0.2815    0.1308   0.08548  0.008451  0.009758
     26/99     7.35G   0.03767  0.005328  0.005135   0.04814        17       640    0.9124     0.317    0.3962    0.1433   0.08777   0.00823  0.009559
     27/99     7.35G   0.04759  0.005625  0.005884    0.0591        12       640    0.9032    0.3269    0.4046    0.2045   0.09076  0.008376  0.009223
     28/99     7.35G   0.04308  0.005871  0.005729   0.05468        20       640     0.391    0.7898    0.6775    0.3139    0.0875  0.007965  0.009097
     29/99     7.35G   0.04267  0.005502  0.003958   0.05213         8       640     0.923    0.4225    0.5216    0.2754   0.08849  0.007772  0.008797
     30/99     7.35G   0.04135  0.005826  0.005552   0.05273        17       640     0.935    0.4507    0.5973    0.3082   0.07617  0.008868  0.009308
     31/99     7.35G   0.03949  0.005246  0.005424   0.05016        12       640    0.7095     0.612    0.5872    0.3189   0.07892   0.00891  0.009103
     32/99     7.35G   0.03806  0.005704  0.004096   0.04787        15       640    0.6803    0.7514    0.7394    0.4143   0.07926  0.009589  0.009092
     33/99     7.35G   0.03797  0.005523  0.003661   0.04715        19       640    0.7492    0.6758    0.8061    0.3831      0.08  0.008719  0.007828
     34/99     7.35G   0.03321  0.005609  0.003701   0.04252        16       640    0.6414    0.6172    0.5811    0.1934   0.07274  0.009864  0.007995
     35/99     7.35G    0.0419  0.005967  0.005028    0.0529        13       640    0.6217    0.4643    0.4363    0.2209   0.08739   0.01063  0.007911
     36/99     7.35G    0.0386  0.006109  0.005819   0.05053        18       640    0.7182    0.4784    0.4687     0.151   0.08164  0.009831  0.007244
     37/99     7.35G   0.03718  0.005544  0.003585   0.04631        13       640      0.52    0.5797    0.5201    0.2491    0.0709   0.01011  0.006454
     38/99     7.35G   0.03304  0.005848  0.003584   0.04247        17       640    0.6411    0.4282    0.4957    0.2556   0.07856  0.009846  0.006401
     39/99     7.35G   0.03755  0.005392  0.002733   0.04568        13       640    0.4434    0.6758    0.6306     0.311   0.08642  0.008348  0.006762
     40/99     7.35G   0.04153  0.005304   0.00355   0.05038        17       640    0.7905    0.7088    0.7899    0.4144   0.08855  0.008127  0.006736
     41/99     7.35G   0.03797  0.005624  0.003128   0.04672        14       640     0.701     0.603     0.633    0.3227   0.09703  0.007923  0.007596
     42/99     7.35G   0.03326   0.00515  0.002064   0.04048        12       640     0.774    0.6937    0.7151    0.4015     0.091  0.008181   0.00839
     43/99     7.35G   0.03988   0.00524  0.003758   0.04887        14       640    0.8569    0.6841    0.7267    0.3796   0.09064  0.008225  0.006001
     44/99     7.35G   0.03516  0.005467  0.003158   0.04379        13       640    0.7382    0.8233    0.7937    0.3723   0.09173  0.009238  0.007066
     45/99     7.35G   0.03948   0.00552  0.002925   0.04793        14       640    0.9191    0.8077    0.8698    0.4197   0.08782  0.008936  0.005902
     46/99     7.35G   0.04038  0.006178  0.004515   0.05107         8       640    0.9977  0.009615   0.00883  0.001008    0.1176  0.008887   0.01006
     47/99     7.35G   0.04402  0.006541   0.00388   0.05445        16       640    0.4117    0.1345      0.16    0.0768       0.1  0.009773   0.01016
     48/99     7.35G   0.04196  0.006199  0.003822   0.05198        13       640    0.7737    0.3787    0.4337    0.1881   0.08754  0.009584  0.006325
     49/99     7.35G   0.03224  0.006046  0.002554   0.04084        17       640    0.6838    0.6085    0.6392    0.2654   0.08139  0.009105  0.005802
     50/99     7.35G   0.03272  0.005766  0.002208    0.0407        21       640    0.4809    0.6566    0.5925    0.2585   0.08263  0.009188  0.006333
     51/99     7.35G   0.03686  0.005869  0.002457   0.04519        19       640    0.3495    0.5755    0.4361    0.2124   0.08407  0.009553  0.007594
     52/99     7.35G   0.03511  0.005456  0.001477   0.04204        16       640    0.9324    0.5577    0.7413    0.3809   0.08247  0.008558   0.00573
     53/99     7.35G   0.03673  0.005243  0.001943   0.04391        12       640    0.8077    0.6511    0.7023    0.4367   0.08301  0.008442  0.005824
     54/99     7.35G   0.03576  0.005121  0.002662   0.04354        16       640    0.9519     0.792    0.8918    0.5378   0.07794  0.007898  0.005856
     55/99     7.35G   0.03101  0.005341  0.001784   0.03813        15       640    0.8851    0.8192    0.8895    0.5732    0.0779  0.008467  0.006096
     56/99     7.35G   0.03803  0.005376  0.002531   0.04593        16       640     0.891    0.8132    0.8321    0.5196   0.07734  0.008756  0.007195
     57/99     7.35G    0.0294  0.005325  0.001857   0.03658        12       640    0.8447    0.8036    0.8375     0.483   0.07765  0.009033  0.006219
     58/99     7.35G   0.03157  0.005264  0.002224   0.03906        13       640    0.8714    0.9608    0.9537    0.6093   0.07527  0.008354  0.005713
     59/99     7.35G   0.02411  0.005037  0.002652    0.0318        14       640    0.9887    0.9301    0.9543     0.595   0.07262   0.00845  0.004836
     60/99     7.35G   0.03151    0.0048  0.002112   0.03842        13       640    0.8784    0.9513    0.9584    0.5891   0.07367  0.007879  0.004883
     61/99     7.35G   0.02553   0.00502  0.001467   0.03202        20       640    0.8363    0.9518    0.9547    0.6287   0.07249  0.007661  0.004771
     62/99     7.35G   0.03085  0.004832  0.001869   0.03755        12       640    0.8472    0.9519     0.954    0.5998   0.07286  0.007555   0.00464
     63/99     7.35G   0.02994  0.005071  0.002092    0.0371        18       640    0.8777    0.9519    0.9653     0.575    0.0722  0.007631  0.004609
     64/99     7.35G   0.02287  0.004859  0.001136   0.02887        19       640    0.9583    0.9423    0.9735    0.6449   0.07067  0.007578  0.004664
     65/99     7.35G   0.02594  0.004632  0.001526    0.0321        12       640    0.9791    0.9438    0.9738    0.5849    0.0709  0.007511  0.004629
     66/99     7.35G   0.02677  0.004727  0.000878   0.03237         9       640    0.9895    0.9551    0.9774    0.6087   0.07008  0.007486  0.004573
     67/99     7.35G    0.0272  0.004785  0.001791   0.03378        13       640    0.9897    0.9646    0.9881    0.6404   0.06974  0.007331  0.004555
     68/99     7.35G   0.03032   0.00448  0.001287   0.03609        17       640    0.9899    0.9804    0.9904    0.6809   0.06853  0.007288  0.004566
     69/99     7.35G   0.02132  0.004744 0.0008002   0.02687        10       640    0.9939    0.9903     0.994    0.7237   0.06856  0.007089   0.00456
     70/99     7.35G   0.02464  0.004446  0.001352   0.03044        14       640    0.9277    0.9519    0.9485    0.5663   0.07198  0.008169  0.005056
     71/99     7.35G   0.03129  0.005448  0.002262     0.039        19       640    0.8575    0.9135    0.9096    0.5347   0.07128  0.009293  0.005054
     72/99     7.35G   0.02651    0.0053   0.00123   0.03304        12       640    0.9016    0.8937    0.9116    0.4492   0.07249  0.008597  0.004958
     73/99     7.35G    0.0282  0.005436  0.002217   0.03586        12       640    0.9174    0.9322    0.9612     0.619   0.06921  0.008176  0.004935
     74/99     7.35G   0.03246  0.005064  0.001609   0.03913        15       640    0.9723    0.8899    0.9541    0.6142   0.06898  0.007698  0.004921
     75/99     7.35G   0.02369  0.005052  0.001042   0.02979        16       640    0.9762    0.8805    0.9555     0.629   0.06836   0.00767  0.004829
     76/99     7.35G   0.02301  0.004529  0.000668   0.02821        15       640    0.9602    0.8845    0.9584     0.627   0.06863  0.007622  0.004986
     77/99     7.35G   0.02452  0.004753  0.001131   0.03041        15       640    0.9801    0.8896    0.9659    0.6224   0.06885  0.007416  0.004979
     78/99     7.35G   0.02202  0.004657 0.0006608   0.02734        10       640     0.987    0.8997    0.9724    0.6245   0.06897  0.007245  0.005014
     79/99     7.35G   0.02497  0.004712  0.001188   0.03087        16       640    0.9903    0.9164    0.9727    0.6044   0.06965  0.007217  0.005055
     80/99     7.35G   0.02345  0.004615 0.0009196   0.02898        17       640    0.9633    0.9472    0.9911    0.6367   0.06917  0.007279  0.005128
     81/99     7.35G   0.02556  0.004403  0.001523   0.03148        14       640    0.9714    0.9583    0.9903     0.639   0.06913  0.007113  0.005022
     82/99     7.35G   0.01763   0.00466 0.0003562   0.02264        12       640    0.9801    0.9628     0.985    0.6749    0.0693  0.006942  0.004872
     83/99     7.35G   0.02411  0.004385  0.001025   0.02952        17       640    0.9793    0.9612    0.9858    0.7011   0.06882  0.006904  0.004803
     84/99     7.35G   0.02651  0.004157  0.001502   0.03217        15       640    0.9903    0.9855    0.9947    0.6368   0.06789  0.006932  0.004759
     85/99     7.35G   0.02614   0.00447  0.001782   0.03239        14       640    0.9798    0.9807    0.9873    0.6629   0.06768   0.00695  0.004723
     86/99     7.35G   0.02322  0.003852 0.0005806   0.02765        13       640    0.9924    0.9902    0.9946     0.669   0.06701  0.006933  0.004723
     87/99     7.35G   0.02327  0.003999 0.0009401   0.02821        14       640    0.9904     0.986    0.9946    0.7014   0.06647  0.006969   0.00474
     88/99     7.35G   0.02116  0.004172 0.0005811   0.02591        21       640    0.9845    0.9903    0.9947    0.6919   0.06527  0.007134  0.004746
     89/99     7.35G   0.02578    0.0041 0.0008869   0.03077        16       640    0.9781    0.9903    0.9947    0.7033   0.06518  0.007053   0.00474
     90/99     7.35G   0.01919  0.004167   0.00123   0.02459        12       640    0.9824    0.9904    0.9948    0.7252   0.06449  0.007067  0.004727
     91/99     7.35G   0.02219  0.004134  0.001204   0.02753        13       640    0.9903    0.9859    0.9948    0.7167    0.0639  0.007041  0.004684
     92/99     7.35G   0.02584  0.003836 0.0008109   0.03049        13       640    0.9945    0.9808    0.9943    0.7025   0.06371  0.007005  0.004643
     93/99     7.35G   0.02351  0.004161 0.0008188   0.02849        13       640    0.9968    0.9807    0.9941    0.6969   0.06343  0.006998  0.004603
     94/99     7.35G   0.02133  0.004176  0.001213   0.02672        16       640    0.9954    0.9808    0.9936     0.713   0.06391  0.006975  0.004573
     95/99     7.35G   0.02172  0.004224 0.0008901   0.02684        11       640    0.9956    0.9807    0.9936    0.7243   0.06401  0.006968   0.00454
     96/99     7.35G   0.02952  0.004503   0.00227    0.0363        15       640    0.9981    0.9807    0.9932    0.7278   0.06374   0.00696  0.004494
     97/99     7.35G   0.02021  0.004191 0.0007342   0.02513        12       640    0.9993    0.9808    0.9929    0.7314   0.06379  0.006974   0.00446
     98/99     7.35G   0.02331  0.004251  0.000898   0.02846        14       640    0.9998    0.9779    0.9943    0.7185   0.06405  0.006937  0.004436
     99/99     7.35G   0.02944  0.003973  0.001298   0.03471        12       640         1    0.9765    0.9945    0.7263   0.06421  0.006905  0.004423
